[[0,[3749.34,3195.56,62.7882],[0.999704,0.0243276,0],[0,0,1],[0,0,0]],
[0.0500031,[3749.34,3195.56,62.7882],[0.999704,0.0243276,0],[0,0,1],[0,0,0]],
[0.0870018,[3749.34,3195.56,62.7882],[0.999704,0.0243276,0],[0,0,1],[0,0,0]],
[0.124001,[3749.34,3195.56,62.7882],[0.999709,0.024114,0],[0,0,1],[0,0,0]],
[0.167,[3749.34,3195.56,62.7882],[0.999722,0.0235745,0],[0,0,1],[0,0,0]],
[0.193001,[3749.34,3195.56,62.7882],[0.999728,0.0233245,0],[0,0,1],[0,0,0]],
[0.236,[3749.34,3195.56,62.7882],[0.999736,0.0229909,0],[0,0,1],[0,0,0]],
[0.264,[3749.34,3195.56,62.7882],[0.99974,0.0227951,0],[0,0,1],[0,0,0]],
[0.306,[3749.34,3195.56,62.7882],[0.999747,0.0225194,0],[0,0,1],[0,0,0]],
[0.334,[3749.34,3195.56,62.7882],[0.999749,0.0224225,0],[0,0,1],[0,0,0]],
[0.377003,[3749.34,3195.56,62.7882],[0.999749,0.0224225,0],[0,0,1],[0,0,0]],
[0.404003,[3749.34,3195.56,62.7882],[0.999749,0.0224225,0],[0,0,1],[0,0,0]],
[0.450001,[3749.34,3195.56,62.7882],[0.999749,0.0224225,0],[0,0,1],[0,0,0]],
[0.479,[3749.34,3195.56,62.7882],[0.999749,0.0224225,0],[0,0,1],[0,0,0]],
[0.521,[3749.34,3195.56,62.7882],[0.999722,0.0235769,0],[0,0,1],[0,0,0]],
[0.551003,[3749.35,3195.56,62.7884],[0.999589,0.0286859,0],[0,0,1],[0.477666,0.0159222,0.00945382]],
[0.591,[3749.39,3195.56,62.7891],[0.999372,0.0354227,0],[0,0,1],[0.732422,0.0174386,0.0144414]],
[0.618999,[3749.42,3195.57,62.7897],[0.999257,0.0385451,0],[0,0,1],[1.28174,0.0549316,0.0257492]],
[0.661003,[3749.49,3195.57,62.7913],[0.99912,0.0419395,0],[0,0,1],[2.12913,0.0681323,0.0425827]],
[0.689003,[3749.57,3195.57,62.7928],[0.999044,0.0437239,0],[0,0,1],[2.70299,0.104632,0.0539507]],
[0.731003,[3749.7,3195.58,62.7954],[0.998947,0.0458785,0],[0,0,1],[3.33252,0.128174,0.0663757]],
[0.759003,[3749.79,3195.58,62.7972],[0.998907,0.0467422,0],[0,0,1],[3.32269,0.142912,0.0664316]],
[0.800003,[3749.93,3195.59,62.8],[0.998951,0.0457937,0],[0,0,1],[3.33078,0.174386,0.0667572]],
[0.827,[3750.02,3195.59,62.8001],[0.998986,0.0450342,0],[0,0,1],[3.33252,0.164795,-0.0635147]],
[0.870003,[3750.16,3195.6,62.7901],[0.999017,0.0443405,0],[0,0,1],[3.33848,0.153298,-0.233939]],
[0.897003,[3750.25,3195.6,62.7839],[0.998991,0.0449055,0],[0,0,1],[3.32269,0.125048,-0.231394]],
[0.938,[3750.39,3195.61,62.7744],[0.998891,0.047081,0],[0,0,1],[3.33252,0.128174,-0.233746]],
[0.966,[3750.48,3195.61,62.768],[0.998817,0.0486258,0],[0,0,1],[3.32269,0.142912,-0.231394]],
[1.01,[3750.63,3195.62,62.7577],[0.998633,0.0522756,0],[0,0,1],[3.32919,0.133168,-0.233043]],
[1.035,[3750.71,3195.62,62.7518],[0.998506,0.0546528,0],[0,0,1],[3.30529,0.13146,-0.231523]],
[1.078,[3750.85,3195.63,62.7419],[0.998297,0.0583426,0],[0,0,1],[3.32919,0.149814,-0.233043]],
[1.107,[3750.95,3195.63,62.7351],[0.998215,0.0597287,0],[0,0,1],[3.32031,0.179036,-0.232188]],
[1.147,[3751.08,3195.64,62.7259],[0.998166,0.0605449,0],[0,0,1],[3.32407,0.1878,-0.233283]],
[1.187,[3751.21,3195.65,62.7165],[0.998031,0.0627262,0],[0,0,1],[3.33078,0.174386,-0.233241]],
[1.217,[3751.32,3195.65,62.7095],[0.997734,0.0672884,0],[0,0,1],[3.31832,0.119579,-0.231451]],
[1.259,[3751.45,3195.64,62.7001],[0.992585,0.121552,0],[0,0,1],[3.19261,-0.375601,-0.2236]],
[1.286,[3751.54,3195.63,62.694],[0.985561,0.169322,0],[0,0,1],[3.20435,-0.238037,-0.224304]],
[1.321,[3751.65,3195.62,62.6861],[0.968203,0.250166,0],[0,0,1],[3.18702,-0.554265,-0.221768]],
[1.364,[3751.79,3195.59,62.6764],[0.913237,0.407428,0],[0,0,1],[3.27148,-0.260417,-0.227865]],
[1.391,[3751.88,3195.59,62.67],[0.870362,0.492412,0],[0,0,1],[3.3058,-0.0395904,-0.232284]],
[1.427,[3751.99,3195.62,62.6622],[0.833476,0.552556,0],[0,0,1],[2.7832,1.84937,-0.195408]],
[1.458,[3752.08,3195.68,62.6563],[0.833476,0.552556,0],[0,0,1],[2.77987,1.8477,-0.19533]],
[1.5,[3752.19,3195.75,62.6482],[0.833476,0.552556,0],[0,0,1],[2.77274,1.84849,-0.193732]],
[1.536,[3752.29,3195.82,62.641],[0.833476,0.552556,0],[0,0,1],[2.77133,1.84095,-0.193931]],
[1.577,[3752.41,3195.9,62.6331],[0.833476,0.552556,0],[0,0,1],[2.78678,1.83999,-0.195387]],
[1.605,[3752.48,3195.95,62.6278],[0.833648,0.552297,0],[0,0,1],[2.78678,1.85785,-0.195387]],
[1.646,[3752.6,3196.02,62.6197],[0.833973,0.551805,0],[0,0,1],[2.77639,1.83957,-0.193751]],
[1.674,[3752.68,3196.07,62.6143],[0.833271,0.552865,0],[0,0,1],[2.80464,1.80426,-0.195387]],
[1.713,[3752.8,3196.12,62.6059],[0.786802,0.617206,0],[0,0,1],[3.04892,1.05605,-0.213179]],
[1.742,[3752.89,3196.15,62.5995],[0.732019,0.681284,0],[0,0,1],[3.18444,0.812033,-0.222911]],
[1.788,[3753.03,3196.2,62.5898],[0.629778,0.776775,0],[0,0,1],[3.06285,1.21515,-0.214057]],
[1.815,[3753.1,3196.24,62.5843],[0.558351,0.829605,0],[0,0,1],[2.94896,1.46484,-0.205692]],
[1.857,[3753.21,3196.32,62.5767],[0.448902,0.893581,0],[0,0,1],[2.16397,2.38037,-0.151374]],
[1.885,[3753.26,3196.39,62.5731],[0.421338,0.906904,0],[0,0,1],[1.66135,2.78678,-0.115837]],
[1.926,[3753.33,3196.52,62.5689],[0.41633,0.909213,0],[0,0,1],[1.41374,3.01485,-0.0998031]],
[1.955,[3753.36,3196.6,62.5661],[0.415128,0.909763,0],[0,0,1],[1.41125,3.01901,-0.0985308]],
[1.995,[3753.42,3196.73,62.5636],[0.414012,0.910271,0],[0,0,1],[1.37552,3.03687,-0.0527545]],
[2.026,[3753.46,3196.82,62.562],[0.413397,0.910551,0],[0,0,1],[1.38161,3.02956,-0.053059]],
[2.067,[3753.52,3196.95,62.5598],[0.412639,0.910895,0],[0,0,1],[1.37968,3.03189,-0.0529622]],
[2.097,[3753.56,3197.04,62.5582],[0.411334,0.911485,0],[0,0,1],[1.39509,3.01688,-0.0531333]],
[2.135,[3753.62,3197.15,62.5559],[0.398542,0.91715,0],[0,0,1],[1.68864,2.78727,-0.073115]],
[2.178,[3753.69,3197.27,62.5529],[0.358381,0.933575,0],[0,0,1],[1.66321,2.76184,-0.0729561]],
[2.21,[3753.73,3197.36,62.5512],[0.337135,0.941456,0],[0,0,1],[1.40251,2.94527,-0.0547855]],
[2.251,[3753.79,3197.48,62.5492],[0.312588,0.949889,0],[0,0,1],[1.21428,3.04533,-0.0418613]],
[2.29,[3753.83,3197.6,62.5475],[0.290477,0.956882,0],[0,0,1],[1.26834,3.00114,-0.0466137]],
[2.318,[3753.87,3197.68,62.5463],[0.274024,0.961723,0],[0,0,1],[1.17902,3.05473,-0.0401939]],
[2.363,[3753.92,3197.82,62.5445],[0.239409,0.970919,0],[0,0,1],[1.08271,3.08891,-0.0340835]],
[2.391,[3753.95,3197.9,62.5434],[0.209576,0.977792,0],[0,0,1],[1.32533,2.92969,-0.0490461]],
[2.428,[3753.99,3198.02,62.5421],[0.170186,0.985412,0],[0,0,1],[1.14172,3.01585,-0.0390445]],
[2.466,[3754.03,3198.13,62.5409],[0.122824,0.992428,0],[0,0,1],[0.90589,3.10316,-0.0219847]],
[2.506,[3754.06,3198.26,62.5404],[0.0834651,0.996511,0],[0,0,1],[0.622559,3.18604,-0.00486374]],
[2.534,[3754.08,3198.35,62.5404],[0.0676687,0.997708,0],[0,0,1],[0.321551,3.28697,0.0128397]],
[2.579,[3754.09,3198.5,62.5411],[0.0581423,0.998308,0],[0,0,1],[0.2866,3.2959,0.0164198]],
[2.604,[3754.1,3198.58,62.5415],[0.0519728,0.998649,0],[0,0,1],[0.305176,3.2959,0.0143051]],
[2.648,[3754.13,3198.72,62.5411],[-0.00573695,0.999984,0],[0,0,1],[0.799006,3.11279,-0.0176863]],
[2.672,[3754.15,3198.79,62.5401],[-0.071769,0.997421,0],[0,0,1],[1.27651,2.99247,-0.0483922]],
[2.713,[3754.2,3198.91,62.5385],[-0.220669,0.975349,0],[0,0,1],[1.15095,3.12151,-0.0378745]],
[2.739,[3754.23,3199,62.5378],[-0.322235,0.94666,0],[0,0,1],[1.33338,3.23017,-0.0481239]],
[2.782,[3754.25,3199.14,62.538],[-0.478647,0.878008,0],[0,0,1],[0.146484,3.30404,0.0246684]],
[2.81,[3754.22,3199.22,62.5403],[-0.519701,0.854348,0],[0,0,1],[-1.26834,2.98328,0.104951]],
[2.847,[3754.16,3199.33,62.5452],[-0.524325,0.851518,0],[0,0,1],[-1.70288,2.83813,0.12989]],
[2.886,[3754.09,3199.44,62.5504],[-0.525907,0.850542,0],[0,0,1],[-1.72776,2.83579,0.131167]],
[2.927,[3754.02,3199.56,62.5559],[-0.526912,0.84992,0],[0,0,1],[-1.74386,2.82506,0.132969]],
[2.954,[3753.97,3199.63,62.5594],[-0.527061,0.849828,0],[0,0,1],[-1.75396,2.83332,0.134016]],
[2.992,[3753.9,3199.74,62.5648],[-0.513048,0.85836,0],[0,0,1],[-2.21654,2.6984,0.160217]],
[3.031,[3753.83,3199.85,62.5702],[-0.508372,0.861138,0],[0,0,1],[-1.7395,2.87476,0.133324]],
[3.059,[3753.78,3199.93,62.5738],[-0.508831,0.860866,0],[0,0,1],[-1.65667,2.87737,0.128337]],
[3.1,[3753.72,3200.05,62.5755],[-0.519165,0.854674,0],[0,0,1],[-1.44698,2.92969,-0.089878]],
[3.126,[3753.68,3200.13,62.5733],[-0.530431,0.847728,0],[0,0,1],[-1.52423,2.8901,-0.0816551]],
[3.168,[3753.61,3200.25,62.5702],[-0.543292,0.839544,0],[0,0,1],[-1.68627,2.84452,-0.0702614]],
[3.204,[3753.55,3200.35,62.5678],[-0.550183,0.835044,0],[0,0,1],[-1.74198,2.81092,-0.0640251]],
[3.245,[3753.47,3200.47,62.5653],[-0.555478,0.831531,0],[0,0,1],[-1.79443,2.80151,-0.0603676]],
[3.285,[3753.4,3200.58,62.5629],[-0.560408,0.828217,0],[0,0,1],[-1.79776,2.77987,-0.0572205]],
[3.313,[3753.36,3200.66,62.5609],[-0.573923,0.818909,0],[0,0,1],[-1.60776,2.84037,-0.0753635]],
[3.351,[3753.31,3200.77,62.5573],[-0.62012,0.784507,0],[0,0,1],[-1.22681,2.96631,-0.104141]],
[3.392,[3753.25,3200.89,62.5534],[-0.681562,0.731761,0],[0,0,1],[-1.37094,2.91091,-0.0912593]],
[3.427,[3753.22,3201,62.5484],[-0.777224,0.629224,0],[0,0,1],[-0.732422,3.35693,-0.160217]],
[3.468,[3753.19,3201.16,62.5409],[-0.913783,0.406203,0],[0,0,1],[-1.07308,3.61101,-0.153298]],
[3.506,[3753.13,3201.28,62.5366],[-0.984252,0.176772,0],[0,0,1],[-1.90815,3.23808,-0.0825179]],
[3.549,[3753,3201.34,62.541],[-0.996195,0.0871585,0],[0,0,1],[-3.32031,0.292969,0.180562]],
[3.578,[3752.91,3201.35,62.5463],[-0.996195,0.0871585,0],[0,0,1],[-3.32031,0.292969,0.180562]],
[3.626,[3752.75,3201.36,62.555],[-0.996194,0.0871585,0],[0,0,1],[-3.3252,0.292969,0.182419]],
[3.657,[3752.64,3201.37,62.5607],[-0.996194,0.0871585,0],[0,0,1],[-3.32774,0.2866,0.181613]],
[3.698,[3752.51,3201.38,62.5682],[-0.996195,0.0871585,0],[0,0,1],[-3.32407,0.281701,0.182812]],
[3.73,[3752.4,3201.39,62.574],[-0.996195,0.0871585,0],[0,0,1],[-3.31832,0.284,0.181471]],
[3.772,[3752.26,3201.4,62.5816],[-0.996194,0.0871585,0],[0,0,1],[-3.32269,0.285823,0.180872]],
[3.801,[3752.17,3201.41,62.5869],[-0.996194,0.0871585,0],[0,0,1],[-3.32031,0.292969,0.181834]],
[3.834,[3752.06,3201.42,62.5929],[-0.996254,0.0864779,0],[0,0,1],[-3.31832,0.298948,0.181471]],
[3.876,[3751.92,3201.43,62.6004],[-0.996479,0.0838487,0],[0,0,1],[-3.2959,0.313895,0.179291]],
[3.906,[3751.82,3201.44,62.6058],[-0.996725,0.0808645,0],[0,0,1],[-3.31254,0.332919,0.179724]],
[3.951,[3751.68,3201.48,62.6121],[-0.999794,0.0203071,0],[0,0,1],[-3.09753,0.823975,0.136375]],
[3.982,[3751.58,3201.5,62.6169],[-0.999864,-0.0164943,0],[0,0,1],[-3.21267,0.399503,0.16854]],
[4.023,[3751.45,3201.51,62.6244],[-0.998737,-0.0502531,0],[0,0,1],[-3.28738,-0.0170331,0.198009]],
[4.051,[3751.35,3201.5,62.6301],[-0.998388,-0.0567526,0],[0,0,1],[-3.31334,-0.0871931,0.203814]],
[4.092,[3751.22,3201.5,62.6387],[-0.998074,-0.0620325,0],[0,0,1],[-3.31421,-0.164795,0.208569]],
[4.12,[3751.12,3201.49,62.6445],[-0.997928,-0.064349,0],[0,0,1],[-3.32269,-0.178639,0.21018]],
[4.162,[3750.98,3201.48,62.6534],[-0.997753,-0.0670042,0],[0,0,1],[-3.33078,-0.209263,0.211716]],
[4.19,[3750.89,3201.48,62.6594],[-0.997658,-0.0683999,0],[0,0,1],[-3.33078,-0.209263,0.213351]],
[4.232,[3750.75,3201.47,62.6681],[-0.997414,-0.0718772,0],[0,0,1],[-3.30483,-0.178639,0.208785]],
[4.263,[3750.65,3201.48,62.6734],[-0.992417,-0.122916,0],[0,0,1],[-3.22266,0.195313,0.183105]],
[4.302,[3750.53,3201.5,62.6799],[-0.979718,-0.200382,0],[0,0,1],[-3.19261,0.450721,0.164619]],
[4.343,[3750.4,3201.51,62.6868],[-0.952978,-0.303039,0],[0,0,1],[-3.21551,0.232231,0.178081]],
[4.371,[3750.31,3201.5,62.6928],[-0.937769,-0.34726,0],[0,0,1],[-3.18518,-0.459893,0.217172]],
[4.416,[3750.16,3201.46,62.7039],[-0.925853,-0.377884,0],[0,0,1],[-3.11705,-1.05605,0.250439]],
[4.442,[3750.08,3201.43,62.7105],[-0.921579,-0.38819,0],[0,0,1],[-3.10002,-1.10715,0.253101]],
[4.485,[3749.95,3201.38,62.718],[-0.916576,-0.39986,0],[0,0,1],[-3.08299,-1.22638,0.0417842]],
[4.514,[3749.86,3201.35,62.7193],[-0.91414,-0.405399,0],[0,0,1],[-3.0599,-1.25326,0.0450134]],
[4.557,[3749.73,3201.29,62.7213],[-0.910751,-0.412957,0],[0,0,1],[-3.05176,-1.27302,0.0452314]],
[4.585,[3749.64,3201.26,62.7222],[-0.901295,-0.433206,0],[0,0,1],[-3.12151,-0.819615,0.018256]],
[4.631,[3749.5,3201.22,62.7231],[-0.868049,-0.496478,0],[0,0,1],[-3.02522,-1.16232,0.0390592]],
[4.658,[3749.42,3201.2,62.7237],[-0.844023,-0.536307,0],[0,0,1],[-3.13895,-0.753348,0.0143869]],
[4.7,[3749.29,3201.16,62.7248],[-0.787979,-0.615702,0],[0,0,1],[-3.08299,-0.936819,0.0255496]],
[4.729,[3749.19,3201.14,62.7251],[-0.72151,-0.692404,0],[0,0,1],[-3.17938,-0.815652,0.016906]],
[4.773,[3749.07,3201.08,62.7277],[-0.639791,-0.768549,0],[0,0,1],[-2.13068,-2.56348,0.133688]],
[4.803,[3749.01,3201,62.7316],[-0.639791,-0.768549,0],[0,0,1],[-2.13068,-2.56348,0.131867]],
[4.849,[3748.91,3200.89,62.7355],[-0.639791,-0.768549,0],[0,0,1],[-2.13493,-2.55568,0.0861959]],
[4.879,[3748.85,3200.81,62.7381],[-0.639791,-0.768549,0],[0,0,1],[-2.13216,-2.55534,0.0854492]],
[4.923,[3748.76,3200.7,62.7418],[-0.639791,-0.768549,0],[0,0,1],[-2.13068,-2.56348,0.0855706]],
[4.952,[3748.7,3200.62,62.7443],[-0.639791,-0.768549,0],[0,0,1],[-2.12913,-2.55496,0.0851653]],
[4.995,[3748.6,3200.51,62.748],[-0.639714,-0.768613,0],[0,0,1],[-2.12913,-2.55496,0.0851653]],
[5.024,[3748.54,3200.44,62.7504],[-0.638792,-0.769379,0],[0,0,1],[-2.14495,-2.54604,0.0847408]],
[5.069,[3748.44,3200.33,62.7536],[-0.6141,-0.789228,0],[0,0,1],[-2.18232,-2.45137,0.079408]],
[5.099,[3748.38,3200.26,62.7562],[-0.609569,-0.792733,0],[0,0,1],[-2.0641,-2.58012,0.0879114]],
[5.144,[3748.29,3200.14,62.7602],[-0.606092,-0.795395,0],[0,0,1],[-2.04143,-2.61802,0.0896048]],
[5.173,[3748.23,3200.07,62.7628],[-0.604621,-0.796513,0],[0,0,1],[-2.03081,-2.63006,0.0902523]],
[5.215,[3748.14,3199.95,62.7643],[-0.601945,-0.798538,0],[0,0,1],[-2.02693,-2.62309,-0.0404535]],
[5.244,[3748.08,3199.87,62.7631],[-0.600075,-0.799944,0],[0,0,1],[-2.02212,-2.62717,-0.0400543]],
[5.292,[3747.98,3199.75,62.7612],[-0.597858,-0.801602,0],[0,0,1],[-2.00684,-2.65137,-0.0402832]],
[5.322,[3747.92,3199.67,62.76],[-0.596537,-0.802585,0],[0,0,1],[-2.01416,-2.66335,-0.0405745]],
[5.365,[3747.84,3199.56,62.7583],[-0.59395,-0.804502,0],[0,0,1],[-2.02212,-2.64309,-0.0405519]],
[5.396,[3747.78,3199.48,62.757],[-0.590618,-0.806951,0],[0,0,1],[-2.00195,-2.63672,-0.0399272]],
[5.442,[3747.68,3199.36,62.7552],[-0.578814,-0.81546,0],[0,0,1],[-1.9588,-2.67419,-0.0391228]],
[5.468,[3747.63,3199.28,62.7541],[-0.577239,-0.816575,0],[0,0,1],[-1.94092,-2.70996,-0.0389099]],
[5.514,[3747.54,3199.16,62.7523],[-0.571289,-0.820749,0],[0,0,1],[-1.97754,-2.65137,-0.0395966]],
[5.545,[3747.48,3199.08,62.7511],[-0.560801,-0.827951,0],[0,0,1],[-2.04779,-2.57095,-0.0406382]],
[5.586,[3747.39,3198.98,62.7493],[-0.520657,-0.853766,0],[0,0,1],[-2.29117,-2.25361,-0.0457764]],
[5.614,[3747.32,3198.92,62.748],[-0.474993,-0.87999,0],[0,0,1],[-2.24609,-2.27865,-0.0455221]],
[5.656,[3747.24,3198.81,62.7462],[-0.407745,-0.913096,0],[0,0,1],[-1.97056,-2.54604,-0.0392369]],
[5.686,[3747.18,3198.73,62.7451],[-0.365957,-0.930632,0],[0,0,1],[-1.83105,-2.65503,-0.036478]],
[5.731,[3747.12,3198.6,62.7439],[-0.347982,-0.937501,0],[0,0,1],[-1.25558,-3.05176,-0.025613]],
[5.759,[3747.09,3198.51,62.7432],[-0.344149,-0.938915,0],[0,0,1],[-1.18314,-3.09871,-0.0240619]],
[5.8,[3747.04,3198.38,62.7422],[-0.34077,-0.940147,0],[0,0,1],[-1.17528,-3.11705,-0.0234205]],
[5.831,[3747,3198.28,62.7415],[-0.339041,-0.940772,0],[0,0,1],[-1.15095,-3.124,-0.0231217]],
[5.875,[3746.95,3198.15,62.7405],[-0.337178,-0.941441,0],[0,0,1],[-1.14329,-3.12619,-0.0228882]],
[5.904,[3746.92,3198.06,62.7399],[-0.335472,-0.94205,0],[0,0,1],[-1.14857,-3.12944,-0.0228882]],
[5.948,[3746.85,3197.93,62.7386],[-0.293635,-0.955918,0],[0,0,1],[-1.61466,-2.77987,-0.0322515]],
[5.979,[3746.8,3197.84,62.7375],[-0.230431,-0.973089,0],[0,0,1],[-1.30562,-2.96153,-0.0261224]],
[6.022,[3746.74,3197.72,62.7364],[-0.158252,-0.987399,0],[0,0,1],[-1.02198,-3.06595,-0.0204929]],
[6.05,[3746.71,3197.63,62.7358],[-0.119614,-0.99282,0],[0,0,1],[-1.03611,-3.05473,-0.0206552]],
[6.093,[3746.69,3197.5,62.7352],[-0.0896306,-0.995975,0],[0,0,1],[-0.488281,-3.24358,-0.0100817]],
[6.121,[3746.68,3197.41,62.735],[-0.0818418,-0.996645,0],[0,0,1],[-0.38365,-3.27846,-0.00735692]],
[6.164,[3746.66,3197.26,62.7347],[-0.0746052,-0.997213,0],[0,0,1],[-0.299627,-3.31254,-0.00624223]],
[6.195,[3746.65,3197.16,62.7345],[-0.0711354,-0.997467,0],[0,0,1],[-0.299627,-3.31254,-0.00598214]],
[6.24,[3746.64,3197.02,62.7343],[-0.0646706,-0.997907,0],[0,0,1],[-0.292969,-3.28776,-0.00610352]],
[6.268,[3746.63,3196.92,62.734],[-0.0483605,-0.99883,0],[0,0,1],[-0.596157,-3.18518,-0.0119764]],
[6.313,[3746.6,3196.78,62.7335],[0.00664458,-0.999978,0],[0,0,1],[-0.610352,-3.15857,-0.0121593]],
[6.343,[3746.58,3196.68,62.7332],[0.0439707,-0.999033,0],[0,0,1],[-0.623338,-3.16344,-0.0124181]],
[6.384,[3746.57,3196.55,62.7329],[0.0922664,-0.995734,0],[0,0,1],[-0.219727,-3.22266,-0.00400543]],
[6.412,[3746.57,3196.46,62.7329],[0.120892,-0.992666,0],[0,0,1],[0,-3.25332,0]],
[6.455,[3746.57,3196.32,62.7329],[0.156721,-0.987643,0],[0,0,1],[0.0681323,-3.25332,0.00133071]],
[6.483,[3746.58,3196.23,62.733],[0.182108,-0.983278,0],[0,0,1],[0.104632,-3.22614,0.00217983]],
[6.529,[3746.59,3196.08,62.7332],[0.227673,-0.973738,0],[0,0,1],[0.358737,-3.24358,0.00747369]],
[6.559,[3746.6,3195.98,62.7335],[0.250145,-0.968208,0],[0,0,1],[0.435965,-3.22614,0.00871931]],
[6.599,[3746.62,3195.86,62.7338],[0.29268,-0.95621,0],[0,0,1],[0.281701,-3.21139,0.00586876]],
[6.628,[3746.63,3195.77,62.734],[0.33349,-0.942754,0],[0,0,1],[0.499378,-3.19602,0.00988353]],
[6.671,[3746.63,3195.63,62.7341],[0.426216,-0.904622,0],[0,0,1],[0.142912,-3.23337,0.00279124]],
[6.699,[3746.63,3195.54,62.7341],[0.517946,-0.855413,0],[0,0,1],[0.0523158,-3.2959,0.000817435]],
[6.74,[3746.64,3195.4,62.7343],[0.641285,-0.767303,0],[0,0,1],[0.366211,-3.33252,0.00686646]],
[6.768,[3746.67,3195.31,62.7348],[0.716567,-0.697518,0],[0,0,1],[1.09863,-3.0692,0.0217983]],
[6.81,[3746.74,3195.2,62.7363],[0.76615,-0.642661,0],[0,0,1],[2.54517,-2.14233,0.0506401]],
[6.836,[3746.81,3195.15,62.7376],[0.76615,-0.642661,0],[0,0,1],[2.5442,-2.13944,0.0505949]],
[6.879,[3746.92,3195.06,62.7398],[0.76615,-0.642661,0],[0,0,1],[2.55534,-2.14844,0.0511169]],
[6.907,[3746.99,3195,62.7412],[0.76615,-0.642661,0],[0,0,1],[2.55454,-2.14367,0.0513588]],
[6.95,[3747.1,3194.9,62.7434],[0.76615,-0.642661,0],[0,0,1],[2.55496,-2.14617,0.0510992]],
[6.974,[3747.16,3194.85,62.7447],[0.76615,-0.642661,0],[0,0,1],[2.55358,-2.13788,0.0510345]],
[7.018,[3747.27,3194.76,62.7469],[0.765947,-0.642904,0],[0,0,1],[2.55568,-2.13493,0.0508897]],
[7.048,[3747.35,3194.69,62.7484],[0.765682,-0.64322,0],[0,0,1],[2.55568,-2.15052,0.0516202]],
[7.089,[3747.45,3194.6,62.7505],[0.765556,-0.643369,0],[0,0,1],[2.55358,-2.13788,0.0507252]],
[7.115,[3747.52,3194.55,62.7518],[0.766097,-0.642725,0],[0,0,1],[2.5286,-2.16239,0.050681]],
[7.157,[3747.62,3194.46,62.7539],[0.768027,-0.640417,0],[0,0,1],[2.5286,-2.16239,0.050136]],
[7.186,[3747.69,3194.39,62.7553],[0.778789,-0.627286,0],[0,0,1],[2.19727,-2.38463,0.0433811]],
[7.227,[3747.77,3194.28,62.7568],[0.839718,-0.543023,0],[0,0,1],[2.0641,-2.4636,0.0413548]],
[7.255,[3747.81,3194.2,62.7577],[0.891524,-0.452973,0],[0,0,1],[1.32193,-3.25124,0.0262377]],
[7.295,[3747.9,3194.11,62.7594],[0.939523,-0.342485,0],[0,0,1],[2.11589,-2.54313,0.0422796]],
[7.322,[3747.96,3194.05,62.7607],[0.960542,-0.278135,0],[0,0,1],[2.59027,-1.91144,0.051638]],
[7.363,[3748.08,3193.99,62.763],[0.979127,-0.203248,0],[0,0,1],[2.948,-1.28174,0.0592232]],
[7.39,[3748.16,3193.96,62.7647],[0.98308,-0.183178,0],[0,0,1],[3.15112,-0.885719,0.0630756]],
[7.433,[3748.3,3193.94,62.7674],[0.984102,-0.177604,0],[0,0,1],[3.2691,-0.625238,0.0653151]],
[7.459,[3748.39,3193.92,62.7691],[0.984423,-0.175817,0],[0,0,1],[3.26621,-0.613651,0.0652623]],
[7.498,[3748.52,3193.9,62.7717],[0.984744,-0.174007,0],[0,0,1],[3.27846,-0.592913,0.0653948]],
[7.529,[3748.62,3193.88,62.7738],[0.984982,-0.172658,0],[0,0,1],[3.26405,-0.589122,0.0651816]],
[7.572,[3748.76,3193.85,62.7766],[0.985238,-0.171188,0],[0,0,1],[3.27846,-0.592913,0.0656673]],
[7.597,[3748.84,3193.84,62.7782],[0.985362,-0.170478,0],[0,0,1],[3.27555,-0.590007,0.0651677]],
[7.636,[3748.97,3193.82,62.7808],[0.985654,-0.168781,0],[0,0,1],[3.26102,-0.575474,0.0653948]],
[7.666,[3749.07,3193.79,62.7827],[0.987413,-0.158162,0],[0,0,1],[3.16815,-0.800554,0.0633417]],
[7.71,[3749.2,3193.76,62.7855],[0.993671,-0.112327,0],[0,0,1],[3.15112,-0.800554,0.0630756]],
[7.735,[3749.28,3193.73,62.787],[0.997089,-0.0762522,0],[0,0,1],[3.08805,-0.950169,0.06186]],
[7.774,[3749.4,3193.7,62.7894],[0.999926,-0.0121639,0],[0,0,1],[3.1311,-0.750732,0.0626564]],
[7.815,[3749.53,3193.67,62.792],[0.998776,0.049461,0],[0,0,1],[3.17978,-0.50019,0.0633612]],
[7.842,[3749.62,3193.67,62.7937],[0.997069,0.0765096,0],[0,0,1],[3.24895,-0.15024,0.0648499]],
[7.882,[3749.74,3193.67,62.7963],[0.994662,0.103191,0],[0,0,1],[3.28697,0.107184,0.0655942]],
[7.91,[3749.83,3193.67,62.7981],[0.99314,0.116929,0],[0,0,1],[3.2691,0.160776,0.0655942]],
[7.954,[3749.98,3193.68,62.801],[0.990407,0.13818,0],[0,0,1],[3.27998,0.222911,0.0656791]],
[7.983,[3750.07,3193.69,62.7964],[0.98818,0.153296,0],[0,0,1],[3.26261,0.249689,-0.227321]],
[8.024,[3750.21,3193.7,62.7872],[0.984602,0.174811,0],[0,0,1],[3.25735,0.346937,-0.227677]],
[8.051,[3750.29,3193.71,62.7811],[0.982303,0.187302,0],[0,0,1],[3.2691,0.393007,-0.229998]],
[8.093,[3750.43,3193.73,62.7716],[0.978758,0.20502,0],[0,0,1],[3.24358,0.470843,-0.227247]],
[8.122,[3750.52,3193.74,62.7649],[0.974714,0.223457,0],[0,0,1],[3.24813,0.366211,-0.228633]],
[8.162,[3750.65,3193.75,62.7559],[0.962208,0.272316,0],[0,0,1],[3.19953,0.115646,-0.222859]],
[8.19,[3750.74,3193.75,62.7496],[0.945254,0.326337,0],[0,0,1],[3.21629,-0.0477666,-0.225896]],
[8.233,[3750.88,3193.77,62.7401],[0.919973,0.391981,0],[0,0,1],[3.16192,0.553782,-0.222183]],
[8.262,[3750.97,3193.79,62.7338],[0.907226,0.420644,0],[0,0,1],[3.08663,0.994001,-0.21662]],
[8.301,[3751.09,3193.84,62.7256],[0.899215,0.437506,0],[0,0,1],[3.05176,1.26139,-0.211716]],
[8.34,[3751.2,3193.89,62.7174],[0.89135,0.453315,0],[0,0,1],[3.01901,1.30407,-0.211018]],
[8.368,[3751.29,3193.92,62.7114],[0.878312,0.478088,0],[0,0,1],[3.10002,0.919786,-0.216107]],
[8.409,[3751.41,3193.97,62.7027],[0.849509,0.527575,0],[0,0,1],[3.00293,1.2085,-0.209713]],
[8.435,[3751.49,3194,62.6973],[0.836097,0.548581,0],[0,0,1],[2.92969,1.42728,-0.203646]],
[8.475,[3751.61,3194.06,62.6892],[0.814861,0.579657,0],[0,0,1],[2.80151,1.66626,-0.195694]],
[8.504,[3751.69,3194.11,62.6836],[0.811207,0.584759,0],[0,0,1],[2.74658,1.88099,-0.192209]],
[8.547,[3751.8,3194.2,62.6754],[0.80855,0.588427,0],[0,0,1],[2.72042,1.91825,-0.190735]],
[8.572,[3751.87,3194.24,62.6708],[0.807535,0.58982,0],[0,0,1],[2.68555,1.95313,-0.18692]],
[8.614,[3751.99,3194.33,62.6627],[0.806194,0.591651,0],[0,0,1],[2.69122,1.9588,-0.187896]],
[8.65,[3752.08,3194.4,62.6558],[0.805954,0.591979,0],[0,0,1],[2.68555,1.99068,-0.187214]],
[8.681,[3752.17,3194.46,62.6501],[0.806516,0.591212,0],[0,0,1],[2.68,1.98087,-0.188047]],
[8.72,[3752.27,3194.52,62.6425],[0.787021,0.616927,0],[0,0,1],[3.08388,0.925164,-0.215932]],
[8.748,[3752.38,3194.53,62.6353],[0.684148,0.729343,0],[0,0,1],[3.61101,0.136265,-0.250439]],
[8.789,[3752.53,3194.54,62.6243],[0.464089,0.885788,0],[0,0,1],[4.04576,0.435965,-0.285285]],
[8.818,[3752.61,3194.6,62.619],[0.37218,0.928161,0],[0,0,1],[2.39258,2.19727,-0.166575]],
[8.859,[3752.68,3194.71,62.6143],[0.321997,0.946741,0],[0,0,1],[1.35216,2.98603,-0.0953674]],
[8.886,[3752.71,3194.8,62.6122],[0.319917,0.947446,0],[0,0,1],[1.08119,3.13895,-0.0762939]],
[8.928,[3752.75,3194.93,62.6091],[0.318836,0.94781,0],[0,0,1],[1.06201,3.16772,-0.0738144]],
[8.956,[3752.78,3195.02,62.607],[0.318406,0.947954,0],[0,0,1],[1.05397,3.16192,-0.0734097]],
[8.998,[3752.83,3195.15,62.6039],[0.317938,0.948112,0],[0,0,1],[1.06376,3.15639,-0.0746591]],
[9.026,[3752.86,3195.24,62.6018],[0.317695,0.948193,0],[0,0,1],[1.05605,3.16815,-0.0729228]],
[9.071,[3752.9,3195.38,62.5984],[0.317375,0.9483,0],[0,0,1],[1.05794,3.15755,-0.0742594]],
[9.097,[3752.93,3195.47,62.5964],[0.317375,0.9483,0],[0,0,1],[1.04914,3.16723,-0.0745412]],
[9.139,[3752.98,3195.6,62.5933],[0.317375,0.9483,0],[0,0,1],[1.05397,3.16192,-0.0736888]],
[9.169,[3753.01,3195.7,62.5911],[0.317375,0.9483,0],[0,0,1],[1.05794,3.15755,-0.0742594]],
[9.212,[3753.05,3195.83,62.5879],[0.317375,0.9483,0],[0,0,1],[1.06201,3.16772,-0.0752449]],
[9.238,[3753.08,3195.91,62.586],[0.317375,0.9483,0],[0,0,1],[1.05168,3.15505,-0.0724792]],
[9.283,[3753.13,3196.05,62.5827],[0.317375,0.9483,0],[0,0,1],[1.05794,3.15755,-0.0740051]],
[9.31,[3753.16,3196.14,62.5807],[0.317375,0.9483,0],[0,0,1],[1.06201,3.16772,-0.0735283]],
[9.352,[3753.2,3196.27,62.5776],[0.315177,0.949033,0],[0,0,1],[1.09012,3.13408,-0.0761165]],
[9.38,[3753.25,3196.35,62.5744],[0.26927,0.963065,0],[0,0,1],[1.66135,2.75105,-0.115557]],
[9.422,[3753.31,3196.47,62.5699],[0.195533,0.980697,0],[0,0,1],[1.41253,2.87737,-0.100817]],
[9.449,[3753.35,3196.55,62.5673],[0.145032,0.989427,0],[0,0,1],[1.3079,2.92969,-0.0915527]],
[9.49,[3753.38,3196.68,62.5656],[0.110149,0.993915,0],[0,0,1],[0.567627,3.24097,-0.00171661]],
[9.517,[3753.39,3196.77,62.5657],[0.101087,0.994878,0],[0,0,1],[0.470843,3.26102,0.00517709]],
[9.56,[3753.41,3196.91,62.566],[0.092726,0.995692,0],[0,0,1],[0.38365,3.2959,0.00926426]],
[9.589,[3753.42,3197,62.5663],[0.0888126,0.996048,0],[0,0,1],[0.357279,3.30483,0.0114441]],
[9.631,[3753.44,3197.14,62.5668],[0.0829396,0.996555,0],[0,0,1],[0.357694,3.30441,0.0111779]],
[9.659,[3753.45,3197.23,62.5672],[0.077128,0.997021,0],[0,0,1],[0.348772,3.2959,0.011989]],
[9.703,[3753.47,3197.37,62.567],[0.0385007,0.999259,0],[0,0,1],[0.482733,3.21267,0.00286102]],
[9.73,[3753.49,3197.46,62.567],[0.0113171,0.999936,0],[0,0,1],[0.590007,3.17383,-0.00349681]],
[9.774,[3753.51,3197.6,62.567],[-0.0493153,0.998783,0],[0,0,1],[0.374349,3.22266,0.0101725]],
[9.8,[3753.52,3197.68,62.5668],[-0.097075,0.995277,0],[0,0,1],[0.795201,3.11802,-0.0173296]],
[9.84,[3753.56,3197.8,62.5661],[-0.213224,0.977003,0],[0,0,1],[0.732422,3.17978,-0.013398]],
[9.868,[3753.56,3197.89,62.567],[-0.257136,0.966375,0],[0,0,1],[-0.357279,3.21551,0.053871]],
[9.91,[3753.52,3198.02,62.5704],[-0.262258,0.964998,0],[0,0,1],[-0.837054,3.22614,0.082016]],
[9.938,[3753.5,3198.11,62.5727],[-0.263514,0.964656,0],[0,0,1],[-0.854492,3.20871,0.0833784]],
[9.978,[3753.46,3198.25,62.5761],[-0.2647,0.964331,0],[0,0,1],[-0.860596,3.22266,0.0826836]]]